taskA_fscore: 0.5411640211640212
taskA_precision: 0.597527747726089
taskA_recall: 0.583264915161467
taskA_accuracy: 0.5483333333333333
