taskA_fscore: 0.5323341354746136
taskA_precision: 0.6046138304637714
taskA_recall: 0.5835112205801861
taskA_accuracy: 0.5436666666666666
