taskA_fscore: 0.4994436912363046
taskA_precision: 0.5944618868601118
taskA_recall: 0.5663245758073344
taskA_accuracy: 0.5196666666666667
