taskA_fscore: 0.4881516663662736
taskA_precision: 0.5381175769114588
taskA_recall: 0.5220443349753695
taskA_accuracy: 0.5743333333333334
