taskA_fscore: 0.43130790319531104
taskA_precision: 0.6281625422133643
taskA_recall: 0.5506841817186645
taskA_accuracy: 0.4866666666666667
