taskA_fscore: 0.5220857965880091
taskA_precision: 0.5917577968986676
taskA_recall: 0.5732484948002189
taskA_accuracy: 0.5336666666666666
