taskA_fscore: 0.48115551147236035
taskA_precision: 0.5339535906656155
taskA_recall: 0.5279556650246305
taskA_accuracy: 0.49166666666666664
