taskA_fscore: 0.45295218358992884
taskA_precision: 0.6391066708480803
taskA_recall: 0.5623152709359606
taskA_accuracy: 0.5006666666666667
