taskA_fscore: 0.5368626086956522
taskA_precision: 0.5440589688278884
taskA_recall: 0.5449507389162562
taskA_accuracy: 0.5376666666666666
