taskA_fscore: 0.545005086132736
taskA_precision: 0.5999845737177499
taskA_recall: 0.5860290093048715
taskA_accuracy: 0.5516666666666666
