taskA_fscore: 0.5267674779121141
taskA_precision: 0.598053074452919
taskA_recall: 0.5781472359058566
taskA_accuracy: 0.5383333333333333
