taskA_fscore: 0.5786438836298406
taskA_precision: 0.5786389332644839
taskA_recall: 0.5800218938149972
taskA_accuracy: 0.5853333333333334
