taskA_fscore: 0.5565265328623641
taskA_precision: 0.6947238565192636
taskA_recall: 0.6286945812807881
taskA_accuracy: 0.5776666666666667
