taskA_fscore: 0.5069024424026963
taskA_precision: 0.5985040567951319
taskA_recall: 0.5708812260536398
taskA_accuracy: 0.5253333333333333
