taskA_fscore: 0.4564850539003197
taskA_precision: 0.521807355035428
taskA_recall: 0.5097016967706623
taskA_accuracy: 0.5696666666666667
