taskA_fscore: 0.5007588161507743
taskA_precision: 0.6206242320015312
taskA_recall: 0.5773262178434593
taskA_accuracy: 0.5263333333333333
