taskA_fscore: 0.5475686130042365
taskA_precision: 0.6481366459627329
taskA_recall: 0.608784893267652
taskA_accuracy: 0.5633333333333334
