taskA_fscore: 0.45887837800087117
taskA_precision: 0.526378220548468
taskA_recall: 0.5195812807881773
taskA_accuracy: 0.477
