taskA_fscore: 0.38394166280223246
taskA_precision: 0.5601326480416603
taskA_recall: 0.5194033935413246
taskA_accuracy: 0.45266666666666666
