taskA_fscore: 0.3175842695733467
taskA_precision: 0.6139206970651438
taskA_recall: 0.5070607553366174
taskA_accuracy: 0.42933333333333334
