taskA_fscore: 0.47175108993309645
taskA_precision: 0.5279702994262985
taskA_recall: 0.522400109469075
taskA_accuracy: 0.48433333333333334
