taskA_fscore: 0.5052797948486101
taskA_precision: 0.6029353616915009
taskA_recall: 0.5721948549534757
taskA_accuracy: 0.5253333333333333
