taskA_fscore: 0.5482079150007719
taskA_precision: 0.5544640888586972
taskA_recall: 0.5500273672687466
taskA_accuracy: 0.5746666666666667
