taskA_fscore: 0.5782252507177447
taskA_precision: 0.5842060599424352
taskA_recall: 0.5785714285714285
taskA_accuracy: 0.6006666666666667
