taskA_fscore: 0.5119115395863556
taskA_precision: 0.5336783804214841
taskA_recall: 0.5325944170771757
taskA_accuracy: 0.5126666666666667
