taskA_fscore: 0.4545873382958734
taskA_precision: 0.5230753539920787
taskA_recall: 0.5099069512862616
taskA_accuracy: 0.5706666666666667
