taskA_fscore: 0.5679948337809511
taskA_precision: 0.5682559550119314
taskA_recall: 0.5678297755883963
taskA_accuracy: 0.5803333333333334
