taskA_fscore: 0.4580662310585263
taskA_precision: 0.5781373081544499
taskA_recall: 0.5454707170224411
taskA_accuracy: 0.49166666666666664
