taskA_fscore: 0.49316554122230294
taskA_precision: 0.5981703804221695
taskA_recall: 0.56559934318555
taskA_accuracy: 0.5166666666666667
