taskA_fscore: 0.4795013320434051
taskA_precision: 0.523644710307094
taskA_recall: 0.5202791461412151
taskA_accuracy: 0.48733333333333334
