taskA_fscore: 0.608939376163911
taskA_precision: 0.6660755293928309
taskA_recall: 0.6468527640941434
taskA_accuracy: 0.6133333333333333
