taskA_fscore: 0.5656534218625722
taskA_precision: 0.5669749194339357
taskA_recall: 0.565407772304324
taskA_accuracy: 0.5813333333333334
