taskA_fscore: 0.5004151512670885
taskA_precision: 0.6168858569519657
taskA_recall: 0.5758073344280241
taskA_accuracy: 0.5253333333333333
